z[0] = 7.000000
z[1] = 7.000000
z[2] = 7.000000
z[3] = 7.000000
z[4] = 7.000000
z[5] = 7.000000
z[6] = 7.000000
z[7] = 7.000000
z[8] = 7.000000
z[9] = 7.000000
z[10] = 7.000000
z[11] = 7.000000
z[12] = 7.000000
z[13] = 7.000000
z[14] = 7.000000
z[15] = 7.000000
z[16] = 7.000000
z[17] = 7.000000
z[18] = 7.000000
z[19] = 7.000000
